var	UA.0	UA.1	MI.0	MI.1	PCI.0	PCI.1	TX.0	CA.0	CA.1
(Intercept)	-5.8585451461389	-5.67489599890695	-4.61148875932603	-3.21749302474386	-1.9433710306218	-1.49892051897453	-16.9377510427006	3.13356931036157	3.04210591964774
BETA.AGE	0.0793916792127529	0.0835279928464991	0.0716552630250837	0.0672488145224079	0.0572636069477169	0.0549209674696148	0.0730675529754784	0.0619660408443234	0.0599584890541671
BETA.WOM	0.114691211793577	0.0693214904371956	-0.015586788189955	0.0272679450621437	0.0234399530975906	0.0176373988825784	0.176476493132604	0.0503714039532115	0.0630308143789326
BETA.HTN	-0.163217585444657	-0.10827989404288	-0.136212968869517	-0.130706998554666	-0.107246668975263	-0.133182643142625	0.113095866961623	-0.0644693507096819	-0.0895716817713262
BETA.DIAB	0.780986680137314	0.835731471228223	0.380318474132124	0.333680034877723	0.593231518632893	0.559770646660399	0.484091272859694	0.527960202918941	0.477833073872875
BETA.CVHIST	0	-0.600167749252377	0	0.148076624833633	0	0.138612022607004	0	0	0.16475561160729
BETA.CATHLAB	0.20316809391163	0.260868508782323	-0.0248639885235043	0.0709220556925716	0.43425019995243	0.615287055514689	0.0625163733842308	0.573904728378972	0.500551040262331
BETA.CORSURG	-0.156128886685662	-0.0892066822344495	-0.0578426078201542	-0.0528607816931008	-0.102503254724239	-0.144094026208194	0.0886672679400306	0.0440215418016604	0.0322643152436775
BETA.UNIVERSI	-0.121764356150474	-0.0911864505830234	0.227852908765162	0.0881502041525357	0.18183195483091	0.0416961598359524	0.188946686291224	0.176682192956308	0.0480307003518989
BETA.GROSS	-0.018619670472336	-0.0310271311536266	-0.0172597141542012	-0.00246518214960712	0.0151151796116442	0.0151268513134222	-0.0320174974264032	0.00889890604273087	0.00867413876716137
BETA.LIFEEXP	-0.0488385611605225	-0.0471165905359133	-0.0354371449379129	-0.0558551887455956	-0.0853385291455934	-0.0892556336855081	0.108694705885198	-0.147875109025651	-0.145262373601309
BETA.CVMORT	-0.00214108744430421	-0.00206292628501133	-0.000677315238653494	7.66055937771525e-05	0.00107999382061167	0.00128369559831361	0.00353615850310735	-0.00191685042992113	-0.001274502103671
se.(Intercept)	16.4961128847835	17.5894181293657	6.9504164621547	4.22184527815841	9.03075249138844	9.44301417820397	10.3541799977864	8.76441136127488	8.0818410322207
SE.BETA.AGE	0.0141322695371749	0.0147499030867547	0.00343969280095671	0.00354802684963841	0.00602035546229587	0.0062898239513007	0.00874395108322278	0.00517932862866255	0.00552930425933265
SE.BETA.WOM	0.263395645210179	0.272244664856175	0.0751917920358851	0.0775105915305793	0.139600759006633	0.14599363789151	0.190843721307995	0.111095925197006	0.118054853473276
SE.BETA.HTN	0.28543275823548	0.297410272822603	0.0745146298807716	0.0773018488347411	0.133515208315508	0.140302071672962	0.182878150427162	0.11134684406888	0.119336623822548
SE.BETA.DIAB	0.2588748364482	0.266574069044695	0.0741117621917212	0.0764109730082856	0.131551406918418	0.13706681799116	0.190009763685077	0.106929619748581	0.113612031812161
SE.BETA.CVHIST	0	0.329375326445097	0	0.0804557086721514	0	0.152606412698073	0	0	0.131798883064329
SE.BETA.CATHLAB	0.394692569606704	0.413089991193519	0.165068341488422	0.113554936636266	0.314639645800464	0.334005819157769	0.272511504927135	0.245047854821422	0.272159288121832
SE.BETA.CORSURG	0.373092192146313	0.391723511966742	0.152405604270344	0.100792605653329	0.192204167386722	0.197099272366462	0.274398538571166	0.179432420896806	0.185315883739759
SE.BETA.UNIVERSI	0.381698214335286	0.405087685163486	0.156487915897353	0.106900298750413	0.20796475226695	0.218694040352505	0.286653642912005	0.191008311926783	0.203344138195171
SE.BETA.GROSS	0.0403216046039597	0.0449070326940726	0.0188181307992272	0.00892722975082255	0.0157222497739458	0.0164710161670521	0.0218784815984257	0.0204947709817001	0.0151301912930652
SE.BETA.LIFEEXP	0.197340513048308	0.210963551297555	0.0832895203510198	0.0503371305338801	0.107257364786624	0.112293241764827	0.12308421659234	0.10447971782143	0.0958511026657194
SE.BETA.CVMORT	0.00567989910032338	0.00601373717829974	0.00232175147988639	0.00137300656630786	0.00310007436049432	0.00325215522074884	0.00329093071213859	0.00308008799554412	0.00280099971391241
AUSTRIA	0.0861889967013625	0.182230757076695	0.509317050208516	0.0384422878771689	0	0	0	0.596674817571563	1.35186729566582e-10
BELGIUM	-0.143140143734563	-0.137180710783401	-0.157325152791515	-0.0104767655265799	0	0	0	-0.367024148228577	-6.85421521233269e-11
BULGARIA	-0.0861120884975779	-0.111862739492935	0.214079180748873	0.016570992251395	0	0	0	-0.0646213964846739	-1.26212226682045e-11
CROATIA	-0.0582606442014417	-0.0597448581867183	-0.310857072192439	-0.00949781008476188	0	0	NA	-0.0437069119006489	2.63221286296488e-12
CZECH REPUBLIC	-0.0837311051632341	-0.0492786876720222	0.186635410668052	0.028566916955934	0	0	0	0.294927555399262	5.08379752312075e-11
DENMARK	-0.0534809367958813	-0.0606117513517056	0.0550513237297067	0.0171113285930588	0	0	0	0.112822871345106	3.21543000148793e-11
ESTONIA	NA	NA	-0.0262196996295634	-0.00102910294243702	0	0	NA	-0.0642362259989532	-7.50854527573041e-12
FINLAND	-0.0598823197916478	-0.067631208802999	-0.15522764506816	-0.0140366528094823	0	0	0	-0.251209556821414	-7.66521990118831e-11
FRANCE	0.124881609746523	-0.0206067742231689	0.0273307194132705	0.00623686247189483	0	0	0	-0.0586958290527229	6.01908973122261e-12
GEORGIA	-0.119897041969324	-0.193478002352894	0.203232077991646	0.0223898237303894	0	0	0	0.0353197150567793	1.56975796498296e-11
GERMANY	0.0288732468985995	0.11400992836294	0.150317514837708	0.0215295866878625	0	0	0	-0.0235974008782813	-9.59022193618845e-12
GREECE	0.746952623151035	0.907823389688688	0.171269101848713	0.0145864711455316	0	0	0	0.0257901244139545	-2.32256466098068e-12
HUNGARY	0.317680484569345	0.403898816506587	0.216492216002181	0.0116185734377856	0	0	0	-0.0990639375360028	-3.00683911662275e-11
IRELAND	-0.095188443119256	-0.10586943958033	0.145505044158718	0.00295289100838204	0	0	0	-0.00651733623153874	-1.58607580155224e-12
ISRAEL	-0.616701703630871	-0.720949434457365	-0.388309034061505	-0.125044056947904	0	0	0	-0.119985402019337	-7.37154789012455e-11
ITALY	0.0296742824678594	-0.123968297476428	-0.323733157767177	-0.0189890299674623	0	0	0	0.01828854559625	1.74256479393325e-12
LITHUANIA	-0.308694078670004	-0.397262128582127	-0.0286080835820725	-0.0143223953289662	0	0	NA	-0.099399679341514	-2.53373918702557e-11
NETHERLANDS	0.488256799837344	0.437096302293206	0.391691164379683	0.0301279662589941	0	0	0	0.391888967339772	8.78509220377575e-11
NORWAY	NA	NA	NA	NA	NA	NA	NA	NA	NA
POLAND	-0.122497446800064	-0.123117401905874	0.352482595144691	0.0670364052457313	0	0	0	0.168084984674817	6.18419010479177e-11
PORTUGAL	0.227004558428123	0.281437178062449	0.197592717372059	0.0558262013074668	0	0	NA	0.121477077812535	7.22489097199642e-11
ROMANIA	-0.0267251336248229	-0.036415404699707	-0.156336607266975	-0.00336847928761359	0	0	NA	-0.138578989093298	-2.18094237867446e-11
RUSSIA	0.0346796165780212	0.0476848977207013	-0.494220465529687	-0.0825499641816692	0	0	0	0.0931855290779194	1.00048902108092e-11
SERBIA&MONTENEGRO	0.77234553674018	1.00333962527496	0.370743414668293	0.0265986402307279	0	0	0	0.346499712168789	5.85526336400233e-11
SLOVENIA	0.53795746326865	0.666429646059784	0.30612346461271	0.0600954886878479	0	0	NA	0.346705784603613	7.24543378825599e-11
SPAIN	0.300860795203405	0.320982157831919	-0.215452664348421	-0.0102092297459258	0	0	0	0.145567456644028	2.18669632194074e-10
SWEDEN	0.100098579748981	0.229710325329184	-0.396688120839925	-0.064755861873875	0	0	0	-0.260256504158815	-5.93588462038343e-11
SWITZERLAND	-0.0756553145932801	-0.0851689746458349	0.245599088540527	0.00260673786114466	0	0	0	0.127295635446638	6.91986230111215e-12
TURKEY	NA	NA	0.105743948224074	0.00217329148229326	NA	NA	0	-0.0718825118455088	-1.29801414252791e-11
UK	-0.253371203141412	-0.259649112815512	-0.121661141188268	-0.0265209000902507	0	0	0	-0.177694551246425	-3.4491031620827e-11
UKRAINE	NA	NA	0.0548260729540296	-0.000849011049552775	NA	NA	NA	NA	NA
var.country	0.332452908738656	0.444573522557389	0.146422600250394	0.00545042251660598	0	0	0	0.127346294594344	2.46328249673561e-11
var.hosp	0.450294959403438	0.466975511656085	0.362521728687201	0.0430572149377973	0.370229788133698	0.321336018485506	0.308140005064138	0.279612572219103	0.396625938568429
AUC.C Index	0.851534071006161	0.865357658214801	0.795295123127084	0.756194660021477	0.780674172253419	0.774543377535667	0.803450766242531	0.779690502322693	0.782067703040932
AUC.lower.C Index	0.808728681682365	0.82510785689723	0.781228054499585	0.740484579401963	0.753556132769962	0.746705210583867	0.769547307238932	0.757213996873781	0.759163475797321
AUC.upper.C Index	0.894339460329957	0.905607459532372	0.809362191754584	0.771904740640991	0.807792211736875	0.802381544487466	0.83735422524613	0.802167007771605	0.804971930284542
